Year,Month,Precip.,Temp_High,Temp_Low,DewPt_High,DewPt_Low,Humidity,Max Wind,Pressure,Precip_lag12,Precip_lag24,Precip_lag36,Temp_High_lag1,Temp_Low_lag1,DewPt_High_lag1,DewPt_Low_lag1,Humidity_lag1,Max Wind_lag1,Pressure_lag1,Precip_ma3,Precip_ma6,Precip_ma12,Precip_min12,Precip_max12,Precip_diff,Month_sin,Month_cos,Precip_h1,Precip_h2,Precip_h3,Precip_h4,Precip_h5,Precip_h6,Precip_h7,Precip_h8,Precip_h9,Precip_h10,Precip_h11,Precip_h12
2017,1,-0.5846888394150035,-1.3396882474124476,-1.1775031510468073,-0.6884855782673981,-0.3844769723281071,0.7231875230518544,-1.3291502365455097,1.2485305548411876,-0.5218964369272081,-0.5689907387930547,-0.6255039010320705,-1.315161125057032,-1.3194048760427632,-0.6135203975352496,-0.5280605032751777,0.7105335545978938,-1.1670684568837435,1.36143847665713,-0.4256147531125884,-0.2513658362089561,-0.3630839856351588,-0.6255039010320705,0.4419669412604517,0.040815061617067,0.4999999999999999,0.8660254037844387,-0.6255039010320705,-0.6255039010320705,-0.4339870734442945,-0.4905002356833104,0.6177856682262789,0.0149786043434427,-0.0917684798858094,-0.0478137981443526,0.5298763047433652,-0.5752699790418342,-0.5627114985442752,-0.6255039010320705
2017,2,-0.6255039010320705,0.0872646924793893,-1.6032083260346706,-1.7330896740647674,-1.592117027257938,-0.9631797371606542,-0.4329333372392765,1.2000529091968326,-0.6255039010320705,-0.6255039010320705,-0.6255039010320705,-1.3396882474124476,-1.1775031510468073,-0.6884855782673981,-0.3844769723281071,0.7231875230518544,-1.3291502365455097,1.2485305548411876,-0.6118988804930482,-0.2560752663955407,-0.3630839856351588,-0.6255039010320705,0.4419669412604517,-0.040815061617067,0.8660254037844386,0.5000000000000001,-0.6255039010320705,-0.4339870734442945,-0.4905002356833104,0.6177856682262789,0.0149786043434427,-0.0917684798858094,-0.0478137981443526,0.5298763047433652,-0.5752699790418342,-0.5627114985442752,-0.6255039010320705,-0.5627114985442752
2017,3,-0.6255039010320705,1.24792316108386,0.0793406989173595,-1.1757592530263603,-1.430585554942483,-2.006906170889929,0.4632835620669567,0.0094731613398063,-0.6255039010320705,-0.5941076997881729,-0.6255039010320705,0.0872646924793893,-1.6032083260346706,-1.7330896740647674,-1.592117027257938,-0.9631797371606542,-0.4329333372392765,1.2000529091968326,-0.6118988804930482,-0.3476475200235757,-0.3630839856351588,-0.6255039010320705,0.4419669412604517,0.0,1.0,6.123233995736766e-17,-0.4339870734442945,-0.4905002356833104,0.6177856682262789,0.0149786043434427,-0.0917684798858094,-0.0478137981443526,0.5298763047433652,-0.5752699790418342,-0.5627114985442752,-0.6255039010320705,-0.5627114985442752,-0.6255039010320705
2017,4,-0.4339870734442945,1.093811075617334,0.701005398899634,-0.2087084215816518,-0.081925960689635,-1.0523751505129109,0.2862648340834204,-0.2110503582123897,-0.468522894812582,-0.6098058004101218,0.1280049288214745,1.24792316108386,0.0793406989173595,-1.1757592530263603,-1.430585554942483,-2.006906170889929,0.4632835620669567,0.0094731613398063,-0.5616649585028118,-0.4936398558077001,-0.3602060005211349,-0.6255039010320705,0.4419669412604517,0.191516827587776,0.8660254037844387,-0.4999999999999998,-0.4905002356833104,0.6177856682262789,0.0149786043434427,-0.0917684798858094,-0.0478137981443526,0.5298763047433652,-0.5752699790418342,-0.5627114985442752,-0.6255039010320705,-0.5627114985442752,-0.6255039010320705,-0.5941076997881729
2017,5,-0.4905002356833104,0.2791018280449585,0.6570834364008883,0.7858296427981776,0.9590546386766312,0.4542906934052123,-0.3185226692427362,-0.6618895114940746,-0.6192246607832911,-0.4622436545638025,-0.6223642809076808,1.093811075617334,0.701005398899634,-0.2087084215816518,-0.081925960689635,-1.0523751505129109,0.2862648340834204,-0.2110503582123897,-0.5166637367198917,-0.56428130860647,-0.3494789650961364,-0.6255039010320705,0.4419669412604517,-0.0565131622390159,0.4999999999999999,-0.8660254037844387,0.6177856682262789,0.0149786043434427,-0.0917684798858094,-0.0478137981443526,0.5298763047433652,-0.5752699790418342,-0.5627114985442752,-0.6255039010320705,-0.5627114985442752,-0.6255039010320705,-0.5941076997881729,1.4529246213139584
2017,6,0.6177856682262789,-0.2874746983651343,0.6276895076517263,0.6563064694220772,0.8718789234587668,0.5069101122262618,0.7099021130817214,-0.9542782096259068,-0.0446741780199628,0.0777710068312381,0.3980122595189949,0.2791018280449585,0.6570834364008883,0.7858296427981776,0.9590546386766312,0.4542906934052123,-0.3185226692427362,-0.6618895114940746,-0.1022338803004419,-0.3570663803967451,-0.2942739779089496,-0.6255039010320705,0.6177856682262789,1.1082859039095894,1.2246467991473532e-16,-1.0,0.0149786043434427,-0.0917684798858094,-0.0478137981443526,0.5298763047433652,-0.5752699790418342,-0.5627114985442752,-0.6255039010320705,-0.5627114985442752,-0.6255039010320705,-0.5941076997881729,1.4529246213139584,-0.1828174634931128
2017,7,0.0149786043434427,-0.8736729226595578,0.4442308489069561,0.5859224941791168,0.8257270742257798,0.7168605388248748,0.978131568051388,-1.045122886839492,-0.4653832746881922,0.1374237891946439,-0.4936398558077002,-0.2874746983651343,0.6276895076517263,0.6563064694220772,0.8718789234587668,0.5069101122262618,0.7099021130817214,-0.9542782096259068,0.0474213456288037,-0.257121806437004,-0.2542438213229801,-0.6255039010320705,0.6177856682262789,-0.6028070638828362,-0.4999999999999997,-0.8660254037844388,-0.0917684798858094,-0.0478137981443526,0.5298763047433652,-0.5752699790418342,-0.5627114985442752,-0.6255039010320705,-0.5627114985442752,-0.6255039010320705,-0.5941076997881729,1.4529246213139584,-0.1828174634931128,-0.399451252076007
2017,8,-0.0917684798858094,-0.8000915555933114,0.5151817114049335,0.898277413896399,1.010334471157728,1.0015748290389646,0.3393386717373711,-1.0051205792101194,-0.5972473199125626,0.1845180910604904,0.6523214895945665,-0.8736729226595578,0.4442308489069561,0.5859224941791168,0.8257270742257798,0.7168605388248748,0.978131568051388,-1.045122886839492,0.1803319308946374,-0.1681659029126272,-0.2121205846540839,-0.6255039010320705,0.6177856682262789,-0.1067470842292521,-0.8660254037844385,-0.5000000000000004,-0.0478137981443526,0.5298763047433652,-0.5752699790418342,-0.5627114985442752,-0.6255039010320705,-0.5627114985442752,-0.6255039010320705,-0.5941076997881729,1.4529246213139584,-0.1828174634931128,-0.399451252076007,-0.4308474533199047
2017,9,-0.0478137981443526,-0.3001470449154315,0.4810577251559061,1.1340012599763754,1.2322052130259409,1.1182022382896255,0.2271526556185409,-0.4888729578478255,-0.0760703792638605,-0.2989834080955343,-0.537594537549157,-0.8000915555933114,0.5151817114049335,0.898277413896399,1.010334471157728,1.0015748290389646,0.3393386717373711,-1.0051205792101194,-0.041534557895573,-0.0718842190980075,-0.2097658695607916,-0.6255039010320705,0.6177856682262789,0.0439546817414568,-1.0,-1.8369701987210294e-16,0.5298763047433652,-0.5752699790418342,-0.5627114985442752,-0.6255039010320705,-0.5627114985442752,-0.6255039010320705,-0.5941076997881729,1.4529246213139584,-0.1828174634931128,-0.399451252076007,-0.4308474533199047,-0.1482816421248253
2017,10,0.5298763047433652,-0.8982000450149723,0.0894765364170703,0.923265807473781,1.010334471157728,1.5108970593108393,-1.1480000122176537,0.1630594861253759,0.4419669412604517,-0.5595718784198853,0.6994157914604131,-0.3001470449154315,0.4810577251559061,1.1340012599763754,1.2322052130259409,1.1182022382896255,0.2271526556185409,-0.4888729578478255,0.1300980089044011,0.0887596772666024,-0.2024400892705488,-0.6255039010320705,0.6177856682262789,0.5776901028877178,-0.8660254037844386,0.5000000000000001,-0.5752699790418342,-0.5627114985442752,-0.6255039010320705,-0.5627114985442752,-0.6255039010320705,-0.5941076997881729,1.4529246213139584,-0.1828174634931128,-0.399451252076007,-0.4308474533199047,-0.1482816421248253,-0.1671193628711639
2017,11,-0.5752699790418342,-1.098504877584197,-0.398732969819012,0.2044330188977408,0.4161721454767514,1.0855128197835635,-1.477248490118809,0.746424594344933,-0.0666515188906912,-0.6255039010320705,-0.3115418885930934,-0.8982000450149723,0.0894765364170703,0.923265807473781,1.010334471157728,1.5108970593108393,-1.1480000122176537,0.1630594861253759,-0.0310691574809404,0.0746313867068484,-0.2448249609498107,-0.6255039010320705,0.6177856682262789,-1.1051462837851993,-0.5000000000000004,0.8660254037844384,-0.5627114985442752,-0.6255039010320705,-0.5627114985442752,-0.6255039010320705,-0.5941076997881729,1.4529246213139584,-0.1828174634931128,-0.399451252076007,-0.4308474533199047,-0.1482816421248253,-0.1671193628711639,-0.6066661802857319
2017,12,-0.5627114985442752,-1.6708043992105537,-1.3802199010410277,-0.9883463011959892,-0.8152275651693199,0.6251192675336675,-0.8905760092254381,1.6317639301865257,-0.6255039010320705,-0.6129454205345115,-0.5941076997881729,-1.098504877584197,-0.398732969819012,0.2044330188977408,0.4161721454767514,1.0855128197835635,-1.477248490118809,0.746424594344933,-0.2027017242809146,-0.1221181410882438,-0.2395922607424945,-0.6255039010320705,0.6177856682262789,0.012558480497559,-2.4492935982947064e-16,1.0,-0.6255039010320705,-0.5627114985442752,-0.6255039010320705,-0.5941076997881729,1.4529246213139584,-0.1828174634931128,-0.399451252076007,-0.4308474533199047,-0.1482816421248253,-0.1671193628711639,-0.6066661802857319,-0.5752699790418342
2018,1,-0.6255039010320705,-0.8246186779487273,-1.3498123885418951,-0.6759913814787057,-0.6101082352449326,0.4163287880433332,-1.0240551218880685,0.5498987032853118,-0.5846888394150035,-0.5218964369272081,-0.5689907387930547,-1.6708043992105537,-1.3802199010410277,-0.9883463011959892,-0.8152275651693199,0.6251192675336675,-0.8905760092254381,1.6317639301865257,-0.5878284595393932,-0.2288652253174961,-0.24299351587725,-0.6255039010320705,0.6177856682262789,-0.0627924024877953,0.4999999999999999,0.8660254037844387,-0.5627114985442752,-0.6255039010320705,-0.5941076997881729,1.4529246213139584,-0.1828174634931128,-0.399451252076007,-0.4308474533199047,-0.1482816421248253,-0.1671193628711639,-0.6066661802857319,-0.5752699790418342,-0.6035265601613422
2018,2,-0.5627114985442752,0.032954635835257,-1.199222802831903,-0.9169508909748952,-0.9448922844429516,-0.2942141370187374,-0.8868304218803131,0.9502920222655958,-0.6255039010320705,-0.6255039010320705,-0.6255039010320705,-0.8246186779487273,-1.3498123885418951,-0.6759913814787057,-0.6101082352449326,0.4163287880433332,-1.0240551218880685,0.5498987032853118,-0.5836422993735403,-0.3073557284272403,-0.2377608156699338,-0.6255039010320705,0.6177856682262789,0.0627924024877953,0.8660254037844386,0.5000000000000001,-0.6255039010320705,-0.5941076997881729,1.4529246213139584,-0.1828174634931128,-0.399451252076007,-0.4308474533199047,-0.1482816421248253,-0.1671193628711639,-0.6066661802857319,-0.5752699790418342,-0.6035265601613422,-0.6255039010320705
2018,3,-0.6255039010320705,0.9535976928188776,-0.2652777760728155,-0.875898530097768,-1.2459781580105345,-1.4121696535538282,-0.3185226692427362,0.0458696271547003,-0.6255039010320705,-0.6255039010320705,-0.5941076997881729,0.032954635835257,-1.199222802831903,-0.9169508909748952,-0.9448922844429516,-0.2942141370187374,-0.8868304218803131,0.9502920222655958,-0.6045731002028053,-0.40363741224186,-0.2377608156699338,-0.6255039010320705,0.6177856682262789,-0.0627924024877953,1.0,6.123233995736766e-17,-0.5941076997881729,1.4529246213139584,-0.1828174634931128,-0.399451252076007,-0.4308474533199047,-0.1482816421248253,-0.1671193628711639,-0.6066661802857319,-0.5752699790418342,-0.6035265601613422,-0.6255039010320705,-0.6255039010320705
2018,4,-0.5941076997881729,0.751657718759292,0.2401626539127744,0.075326318747931,0.1300306802322323,-0.4083936059434833,-0.216188682868053,-0.0883240296223841,-0.4339870734442945,-0.468522894812582,-0.6098058004101218,0.9535976928188776,-0.2652777760728155,-0.875898530097768,-1.2459781580105345,-1.4121696535538282,-0.3185226692427362,0.0458696271547003,-0.5941076997881728,-0.590968079663783,-0.2511042011985903,-0.6255039010320705,0.6177856682262789,0.0313962012438976,0.8660254037844387,-0.4999999999999998,1.4529246213139584,-0.1828174634931128,-0.399451252076007,-0.4308474533199047,-0.1482816421248253,-0.1671193628711639,-0.6066661802857319,-0.5752699790418342,-0.6035265601613422,-0.6255039010320705,-0.6255039010320705,-0.6066661802857319
2018,5,1.4529246213139584,0.1074119715570512,0.363144148909268,1.0357135785720022,1.112894136119922,0.9889208605850054,-0.6998915625645372,-0.2827127081899852,-0.4905002356833104,-0.6192246607832911,-0.4622436545638025,0.751657718759292,0.2401626539127744,0.075326318747931,0.1300306802322323,-0.4083936059434833,-0.216188682868053,-0.0883240296223841,0.0777710068312383,-0.252935646271151,-0.0891521297821513,-0.6255039010320705,1.4529246213139584,2.0470323211021317,0.4999999999999999,-0.8660254037844387,-0.1828174634931128,-0.399451252076007,-0.4308474533199047,-0.1482816421248253,-0.1671193628711639,-0.6066661802857319,-0.5752699790418342,-0.6035265601613422,-0.6255039010320705,-0.6255039010320705,-0.6066661802857319,1.1326833686262014
2018,6,-0.1828174634931128,-0.7310068276255591,0.5753210139032189,0.8241451796168292,0.9036724195970474,0.8861073668965838,0.5916777561519634,-1.1758609452109947,0.6177856682262789,-0.0446741780199628,0.0777710068312381,0.1074119715570512,0.363144148909268,1.0357135785720022,1.112894136119922,0.9889208605850054,-0.6998915625645372,-0.2827127081899852,0.2253331526775576,-0.1896199737626238,-0.1558690574254339,-0.6255039010320705,1.4529246213139584,-1.6357420848070712,1.2246467991473532e-16,-1.0,-0.399451252076007,-0.4308474533199047,-0.1482816421248253,-0.1671193628711639,-0.6066661802857319,-0.5752699790418342,-0.6035265601613422,-0.6255039010320705,-0.6255039010320705,-0.6066661802857319,1.1326833686262014,-0.041534557895573
2018,7,-0.399451252076007,-1.2047890744576637,0.4949100364055109,0.4110037391374379,0.7231674092635857,0.6504272044415861,1.1592817923792436,-1.589154270599476,0.0149786043434427,-0.4653832746881922,0.1374237891946439,-0.7310068276255591,0.5753210139032189,0.8241451796168292,0.9036724195970474,0.8861073668965838,0.5916777561519634,-1.1758609452109947,0.2902186352482796,-0.1519445322699466,-0.1904048787937214,-0.6255039010320705,1.4529246213139584,-0.2166337885828942,-0.4999999999999997,-0.8660254037844388,-0.4308474533199047,-0.1482816421248253,-0.1671193628711639,-0.6066661802857319,-0.5752699790418342,-0.6035265601613422,-0.6255039010320705,-0.6255039010320705,-0.6066661802857319,1.1326833686262014,-0.041534557895573,-0.5501530180467161
2018,8,-0.4308474533199047,-1.0576263403251722,0.4645025239063787,0.198602393729686,0.5693279118202949,0.4637811697456817,1.035336902049658,-1.4335396597932226,-0.0917684798858094,-0.5972473199125626,0.1845180910604904,-1.2047890744576637,0.4949100364055109,0.4110037391374379,0.7231674092635857,0.6504272044415861,1.1592817923792436,-1.589154270599476,-0.3377053896296747,-0.1299671913992182,-0.2186614599132293,-0.6255039010320705,1.4529246213139584,-0.0313962012438976,-0.8660254037844385,-0.5000000000000004,-0.1482816421248253,-0.1671193628711639,-0.6066661802857319,-0.5752699790418342,-0.6035265601613422,-0.6255039010320705,-0.6255039010320705,-0.6066661802857319,1.1326833686262014,-0.041534557895573,-0.5501530180467161,0.5895290871067711
2018,9,-0.1482816421248253,-0.2621300052645373,0.4077418339079961,0.5401104392872462,0.7976940991361131,0.4186486822598931,0.3847851315248859,-0.4336810415749058,-0.0478137981443526,-0.0760703792638605,-0.2989834080955343,-1.0576263403251722,0.4645025239063787,0.198602393729686,0.5693279118202949,0.4637811697456817,1.035336902049658,-1.4335396597932226,-0.3261934491735789,-0.0504301482480106,-0.2270337802449354,-0.6255039010320705,1.4529246213139584,0.2825658111950794,-1.0,-1.8369701987210294e-16,-0.1671193628711639,-0.6066661802857319,-0.5752699790418342,-0.6035265601613422,-0.6255039010320705,-0.6255039010320705,-0.6066661802857319,1.1326833686262014,-0.041534557895573,-0.5501530180467161,0.5895290871067711,-0.1985155641150617
2018,10,-0.1671193628711639,-0.5916110155722824,0.0083898364193833,0.7733354460094852,0.928286739187973,1.1818938795078893,-1.1003289005524286,0.8673254655163747,0.5298763047433652,0.4419669412604517,-0.5595718784198853,-0.2621300052645373,0.4077418339079961,0.5401104392872462,0.7976940991361131,0.4186486822598931,0.3847851315248859,-0.4336810415749058,-0.2487494861052979,0.0207345745714908,-0.2851167525461461,-0.6255039010320705,1.4529246213139584,-0.0188377207463386,-0.8660254037844386,0.5000000000000001,-0.6066661802857319,-0.5752699790418342,-0.6035265601613422,-0.6255039010320705,-0.6255039010320705,-0.6066661802857319,1.1326833686262014,-0.041534557895573,-0.5501530180467161,0.5895290871067711,-0.1985155641150617,0.479642382753129
2018,11,-0.6066661802857319,-0.6423004017734737,-0.6291543423124407,0.1657010088527986,0.3419873211540976,0.9514862039087087,-1.2999119547241715,1.140103642696732,-0.5752699790418342,-0.0666515188906912,-0.6255039010320705,-0.5916110155722824,0.0083898364193833,0.7733354460094852,0.928286739187973,1.1818938795078893,-1.1003289005524286,0.8673254655163747,-0.3073557284272403,-0.3225305590284575,-0.2877331026498043,-0.6255039010320705,1.4529246213139584,-0.439546817414568,-0.5000000000000004,0.8660254037844384,-0.5752699790418342,-0.6035265601613422,-0.6255039010320705,-0.6255039010320705,-0.6066661802857319,1.1326833686262014,-0.041534557895573,-0.5501530180467161,0.5895290871067711,-0.1985155641150617,0.479642382753129,-0.5313152973003774
2018,12,-0.5752699790418342,-0.9349907285480956,-0.9139713760543204,-0.4885784296483372,-0.1691016759074995,0.6377732359876268,-1.2624106802141943,1.2921387042849992,-0.5627114985442752,-0.6255039010320705,-0.6129454205345115,-0.6423004017734737,-0.6291543423124407,0.1657010088527986,0.3419873211540976,0.9514862039087087,-1.2999119547241715,1.140103642696732,-0.4496851740662433,-0.3879393116199112,-0.2887796426912676,-0.6255039010320705,1.4529246213139584,0.0313962012438977,-2.4492935982947064e-16,1.0,-0.6035265601613422,-0.6255039010320705,-0.6255039010320705,-0.6066661802857319,1.1326833686262014,-0.041534557895573,-0.5501530180467161,0.5895290871067711,-0.1985155641150617,0.479642382753129,-0.5313152973003774,-0.6255039010320705
2019,1,-0.6035265601613422,-0.6897195049939432,-1.2180465010456514,-0.9258753172525332,-0.5998522687487136,0.2455002139148792,-1.1480000122176537,1.6183547059389332,-0.6255039010320705,-0.5846888394150035,-0.5218964369272081,-0.9349907285480956,-0.9139713760543204,-0.4885784296483372,-0.1691016759074995,0.6377732359876268,-1.2624106802141943,1.2921387042849992,-0.5951542398296361,-0.421951862967467,-0.2869481976187069,-0.6255039010320705,1.4529246213139584,-0.028256581119508,0.4999999999999999,0.8660254037844387,-0.6255039010320705,-0.6255039010320705,-0.6066661802857319,1.1326833686262014,-0.041534557895573,-0.5501530180467161,0.5895290871067711,-0.1985155641150617,0.479642382753129,-0.5313152973003774,-0.6255039010320705,-0.6255039010320705
2019,2,-0.6255039010320705,0.9698031129465594,-1.0308955014974155,-1.4011010165366835,-1.4672140067146953,-1.400984449295417,-0.2534856526137502,0.919976390135618,-0.5627114985442752,-0.6255039010320705,-0.6255039010320705,-0.6897195049939432,-1.2180465010456514,-0.9258753172525332,-0.5998522687487136,0.2455002139148792,-1.1480000122176537,1.6183547059389332,-0.6014334800784157,-0.4543946042528279,-0.2921808978260231,-0.6255039010320705,1.4529246213139584,-0.0219773408707283,0.8660254037844386,0.5000000000000001,-0.6255039010320705,-0.6066661802857319,1.1326833686262014,-0.041534557895573,-0.5501530180467161,0.5895290871067711,-0.1985155641150617,0.479642382753129,-0.5313152973003774,-0.6255039010320705,-0.6255039010320705,-0.6255039010320705
2019,3,-0.6255039010320705,1.5790393128819675,0.4442308489069561,-1.138276662660285,-1.8613361477836967,-2.2758030005365706,0.7397760097252621,0.0906046021656159,-0.6255039010320705,-0.6255039010320705,-0.6255039010320705,0.9698031129465594,-1.0308955014974155,-1.4011010165366835,-1.4672140067146953,-1.400984449295417,-0.2534856526137502,0.919976390135618,-0.6181781207418277,-0.5339316474040355,-0.2921808978260231,-0.6255039010320705,1.4529246213139584,0.0,1.0,6.123233995736766e-17,-0.6066661802857319,1.1326833686262014,-0.041534557895573,-0.5501530180467161,0.5895290871067711,-0.1985155641150617,0.479642382753129,-0.5313152973003774,-0.6255039010320705,-0.6255039010320705,-0.6255039010320705,-0.6255039010320705
2019,4,-0.6066661802857319,2.563803275451888,1.025690060140379,-0.2345297616116151,-0.8767633641466367,-2.0886297171550856,0.5621216669195234,-0.6120650410053916,-0.5941076997881729,-0.4339870734442945,-0.468522894812582,1.5790393128819675,0.4442308489069561,-1.138276662660285,-1.8613361477836967,-2.2758030005365706,0.7397760097252621,0.0906046021656159,-0.6192246607832909,-0.6071894503064635,-0.2932274378674864,-0.6255039010320705,1.4529246213139584,0.0188377207463386,0.8660254037844387,-0.4999999999999998,1.1326833686262014,-0.041534557895573,-0.5501530180467161,0.5895290871067711,-0.1985155641150617,0.479642382753129,-0.5313152973003774,-0.6255039010320705,-0.6255039010320705,-0.6255039010320705,-0.6255039010320705,0.0086993640946632
2019,5,1.1326833686262014,0.9413341316411704,1.1334677988873063,0.3985095423487469,0.6000958113089533,-0.6497680542027625,1.426240017704505,-1.033741948612504,1.4529246213139584,-0.4905002356833104,-0.6192246607832911,2.563803275451888,1.025690060140379,-0.2345297616116151,-0.8767633641466367,-2.0886297171550856,0.5621216669195234,-0.6120650410053916,-0.033162237563867,-0.3172978588211412,-0.3199142089247995,-0.6255039010320705,1.1326833686262014,1.7393495489119335,0.4999999999999999,-0.8660254037844387,-0.041534557895573,-0.5501530180467161,0.5895290871067711,-0.1985155641150617,0.479642382753129,-0.5313152973003774,-0.6255039010320705,-0.6255039010320705,-0.6255039010320705,-0.6255039010320705,0.0086993640946632,0.7151138920823619
2019,6,-0.041534557895573,-0.0340277673591749,0.7324264951487398,0.914519869721698,1.0096507400579806,0.5395995307323237,0.0596681499680499,-1.1431416868298798,-0.1828174634931128,0.6177856682262789,-0.0446741780199628,0.9413341316411704,1.1334677988873063,0.3985095423487469,0.6000958113089533,-0.6497680542027625,1.426240017704505,-1.033741948612504,0.1614942101482988,-0.2283419552967643,-0.3081406334583378,-0.6255039010320705,1.1326833686262014,-1.1742179265217745,1.2246467991473532e-16,-1.0,-0.5501530180467161,0.5895290871067711,-0.1985155641150617,0.479642382753129,-0.5313152973003774,-0.6255039010320705,-0.6255039010320705,-0.6255039010320705,-0.6255039010320705,0.0086993640946632,0.7151138920823619,-0.2047948043638412
2019,7,-0.5501530180467161,-0.4812389649729141,0.78884932389713,0.211096590518377,0.5283040458354186,-0.1183013791364585,1.864814245024576,-0.9386378707555896,-0.399451252076007,0.0149786043434427,-0.4653832746881922,-0.0340277673591749,0.7324264951487398,0.914519869721698,1.0096507400579806,0.5395995307323237,0.0596681499680499,-1.1431416868298798,0.1803319308946374,-0.2194463649443267,-0.3206991139558969,-0.6255039010320705,1.1326833686262014,-0.5086184601511431,-0.4999999999999997,-0.8660254037844388,0.5895290871067711,-0.1985155641150617,0.479642382753129,-0.5313152973003774,-0.6255039010320705,-0.6255039010320705,-0.6255039010320705,-0.6255039010320705,0.0086993640946632,0.7151138920823619,-0.2047948043638412,-0.4810813753101411
2019,8,0.5895290871067711,-1.0944170238582955,0.4746383614060883,0.4859689198695863,0.7847032082409025,0.748495459959773,0.9304604563861631,-1.4604707908451102,-0.4308474533199047,-0.0917684798858094,-0.5972473199125626,-0.4812389649729141,0.78884932389713,0.211096590518377,0.5283040458354186,-0.1183013791364585,1.864814245024576,-0.9386378707555896,-0.0007194962785059,-0.0169408669211864,-0.2356677355870072,-0.6255039010320705,1.1326833686262014,1.1396821051534871,-0.8660254037844385,-0.5000000000000004,-0.1985155641150617,0.479642382753129,-0.5313152973003774,-0.6255039010320705,-0.6255039010320705,-0.6255039010320705,-0.6255039010320705,0.0086993640946632,0.7151138920823619,-0.2047948043638412,-0.4810813753101411,0.1907973313092699
2019,9,-0.1985155641150617,-0.6423004017734737,0.3239522439103853,0.6046637893621533,0.7976940991361131,0.794576995079609,-0.019148087985122,0.1244093691763533,-0.1482816421248253,-0.0478137981443526,-0.0760703792638605,-1.0944170238582955,0.4746383614060883,0.4859689198695863,0.7847032082409025,0.748495459959773,0.9304604563861631,-1.4604707908451102,-0.0530464983516688,0.054223855898315,-0.2398538957528603,-0.6255039010320705,1.1326833686262014,-0.7880446512218328,-1.0,-1.8369701987210294e-16,0.479642382753129,-0.5313152973003774,-0.6255039010320705,-0.6255039010320705,-0.6255039010320705,-0.6255039010320705,0.0086993640946632,0.7151138920823619,-0.2047948043638412,-0.4810813753101411,0.1907973313092699,0.1280049288214745
2019,10,0.479642382753129,-0.0888050072862705,-0.0017460010803285,0.7483470524321034,0.8667509402106574,0.9319780025421874,-1.4054240152098696,0.6284384453068854,-0.1671193628711639,0.5298763047433652,0.4419669412604517,-0.6423004017734737,0.3239522439103853,0.6046637893621533,0.7976940991361131,0.794576995079609,-0.019148087985122,0.1244093691763533,0.2902186352482795,0.2352752830714585,-0.1859570836175026,-0.6255039010320705,1.1326833686262014,0.6781579468681906,-0.8660254037844386,0.5000000000000001,-0.5313152973003774,-0.6255039010320705,-0.6255039010320705,-0.6255039010320705,-0.6255039010320705,0.0086993640946632,0.7151138920823619,-0.2047948043638412,-0.4810813753101411,0.1907973313092699,0.1280049288214745,0.781045914694547
2019,11,-0.5313152973003774,-0.515576936270494,-0.901470509804678,-0.2861724416715376,-0.0395346325052618,0.6442056699517227,-1.5954728470485675,1.0094594864557749,-0.6066661802857319,-0.5752699790418342,-0.0666515188906912,-0.0888050072862705,-0.0017460010803285,0.7483470524321034,0.8667509402106574,0.9319780025421874,-1.4054240152098696,0.6284384453068854,-0.0833961595541032,-0.0420578279163046,-0.179677843368723,-0.6255039010320705,1.1326833686262014,-1.0109576800535065,-0.5000000000000004,0.8660254037844384,-0.6255039010320705,-0.6255039010320705,-0.6255039010320705,-0.6255039010320705,0.0086993640946632,0.7151138920823619,-0.2047948043638412,-0.4810813753101411,0.1907973313092699,0.1280049288214745,0.781045914694547,-0.5909680796637831
2019,12,-0.6255039010320705,-0.984044973258926,-2.211358576017332,-1.86294007640438,-1.5228892534084577,-0.0740124895476012,-1.0717262335532936,1.6979085909709084,-0.5752699790418342,-0.5627114985442752,-0.6255039010320705,-0.515576936270494,-0.901470509804678,-0.2861724416715376,-0.0395346325052618,0.6442056699517227,-1.5954728470485675,1.0094594864557749,-0.2257256051931062,-0.1393860517723875,-0.183864003534576,-0.6255039010320705,1.1326833686262014,-0.0941886037316931,-2.4492935982947064e-16,1.0,-0.6255039010320705,-0.6255039010320705,-0.6255039010320705,0.0086993640946632,0.7151138920823619,-0.2047948043638412,-0.4810813753101411,0.1907973313092699,0.1280049288214745,0.781045914694547,-0.5909680796637831,-0.6255039010320705
2020,1,-0.6255039010320705,0.0828848492016367,-1.3295407135424728,-1.638044534207937,-1.738264549829064,-0.9787712340057118,-0.6808231178984471,0.9934172464665046,-0.6035265601613422,-0.6255039010320705,-0.5846888394150035,-0.984044973258926,-2.211358576017332,-1.86294007640438,-1.5228892534084577,-0.0740124895476012,-1.0717262335532936,1.6979085909709084,-0.5941076997881728,-0.1519445322699466,-0.1856954486071367,-0.6255039010320705,1.1326833686262014,0.0,0.4999999999999999,0.8660254037844387,-0.6255039010320705,-0.6255039010320705,0.0086993640946632,0.7151138920823619,-0.2047948043638412,-0.4810813753101411,0.1907973313092699,0.1280049288214745,0.781045914694547,-0.5909680796637831,-0.6255039010320705,-0.5313152973003774
2020,2,-0.6255039010320705,0.4964628778843274,-1.213153338114756,-1.966340325690102,-1.5674496595644452,-1.5909615009334814,-0.4838921117779655,1.211865982253328,-0.6255039010320705,-0.5627114985442752,-0.6255039010320705,0.0828848492016367,-1.3295407135424728,-1.638044534207937,-1.738264549829064,-0.9787712340057118,-0.6808231178984471,0.9934172464665046,-0.6255039010320705,-0.3544500302930868,-0.1856954486071367,-0.6255039010320705,1.1326833686262014,0.0,0.8660254037844386,0.5000000000000001,-0.6255039010320705,0.0086993640946632,0.7151138920823619,-0.2047948043638412,-0.4810813753101411,0.1907973313092699,0.1280049288214745,0.781045914694547,-0.5909680796637831,-0.6255039010320705,-0.5313152973003774,-0.6255039010320705
2020,3,-0.6255039010320705,1.71393848583675,0.5253175489046442,-1.37566640164542,-1.5946810188819929,-2.544699830183212,1.1974186817114238,-0.087884567651316,-0.6255039010320705,-0.6255039010320705,-0.6255039010320705,0.4964628778843274,-1.213153338114756,-1.966340325690102,-1.5674496595644452,-1.5909615009334814,-0.4838921117779655,1.211865982253328,-0.6255039010320705,-0.4256147531125884,-0.1856954486071367,-0.6255039010320705,1.1326833686262014,0.0,1.0,6.123233995736766e-17,0.0086993640946632,0.7151138920823619,-0.2047948043638412,-0.4810813753101411,0.1907973313092699,0.1280049288214745,0.781045914694547,-0.5909680796637831,-0.6255039010320705,-0.5313152973003774,-0.6255039010320705,-0.5627114985442752
2020,4,0.0086993640946632,1.6387219772801442,0.9104793738936632,-0.5831178520161009,-1.0781221730224104,-1.810769659853556,0.3749331017807389,0.1170737347350312,-0.6066661802857319,-0.5941076997881729,-0.4339870734442945,1.71393848583675,0.5253175489046442,-1.37566640164542,-1.5946810188819929,-2.544699830183212,1.1974186817114238,-0.087884567651316,-0.4141028126564925,-0.5041052562223326,-0.1344149865754371,-0.6255039010320705,1.1326833686262014,0.6342032651267338,0.8660254037844387,-0.4999999999999998,0.7151138920823619,-0.2047948043638412,-0.4810813753101411,0.1907973313092699,0.1280049288214745,0.781045914694547,-0.5909680796637831,-0.6255039010320705,-0.5313152973003774,-0.6255039010320705,-0.5627114985442752,-0.4214285929467354
2020,5,0.7151138920823619,1.3460316505055212,1.2044186613852823,0.6983702652773381,0.5385600123316376,-0.6845664674511511,0.6635022310609019,-0.7164278689381437,1.1326833686262014,1.4529246213139584,-0.4905002356833104,1.6387219772801442,0.9104793738936632,-0.5831178520161009,-1.0781221730224104,-1.810769659853556,0.3749331017807389,0.1170737347350312,0.0327697850483182,-0.2963670579918762,-0.1692124429540904,-0.6255039010320705,0.7151138920823619,0.7064145279876987,0.4999999999999999,-0.8660254037844387,-0.2047948043638412,-0.4810813753101411,0.1907973313092699,0.1280049288214745,0.781045914694547,-0.5909680796637831,-0.6255039010320705,-0.5313152973003774,-0.6255039010320705,-0.5627114985442752,-0.4214285929467354,-0.5595718784198853
2020,6,-0.2047948043638412,0.447521401552144,0.868584578894858,0.3464503890625309,0.6599222825368982,-0.2089881530565034,0.7394582023141614,-0.994565979732243,-0.041534557895573,-0.1828174634931128,0.6177856682262789,1.3460316505055212,1.2044186613852823,0.6983702652773381,0.5385600123316376,-0.6845664674511511,0.6635022310609019,-0.7164278689381437,0.1730061506043947,-0.2262488752138378,-0.1828174634931128,-0.6255039010320705,0.7151138920823619,-0.9199086964462032,1.2246467991473532e-16,-1.0,-0.4810813753101411,0.1907973313092699,0.1280049288214745,0.781045914694547,-0.5909680796637831,-0.6255039010320705,-0.5313152973003774,-0.6255039010320705,-0.5627114985442752,-0.4214285929467354,-0.5595718784198853,-0.3617758105833297
2020,7,-0.4810813753101411,0.5121094904214049,0.930751048893086,0.3235443616165984,0.579583878316515,-0.4504680510528983,1.1974186817114238,-1.0216849150454206,-0.5501530180467161,-0.399451252076007,0.0149786043434427,0.447521401552144,0.868584578894858,0.3464503890625309,0.6599222825368982,-0.2089881530565034,0.7394582023141614,-0.994565979732243,0.0097459041361266,-0.202178454260183,-0.1770614932650649,-0.6255039010320705,0.7151138920823619,-0.2762865709462999,-0.4999999999999997,-0.8660254037844388,0.1907973313092699,0.1280049288214745,0.781045914694547,-0.5909680796637831,-0.6255039010320705,-0.5313152973003774,-0.6255039010320705,-0.5627114985442752,-0.4214285929467354,-0.5595718784198853,-0.3617758105833297,0.5330159248677551
2020,8,0.1907973313092699,-0.5057660873283287,0.6064042489023324,0.5984166909678077,0.6513756437900498,0.4131652959298433,0.8827893447209377,-1.2742065246158276,0.5895290871067711,-0.4308474533199047,-0.0917684798858094,0.5121094904214049,0.930751048893086,0.3235443616165984,0.579583878316515,-0.4504680510528983,1.1974186817114238,-1.0216849150454206,-0.1650262827882374,-0.0661282488699595,-0.2102891395815233,-0.6255039010320705,0.7151138920823619,0.671878706619411,-0.8660254037844385,-0.5000000000000004,0.1280049288214745,0.781045914694547,-0.5909680796637831,-0.6255039010320705,-0.5313152973003774,-0.6255039010320705,-0.5627114985442752,-0.4214285929467354,-0.5595718784198853,-0.3617758105833297,0.5330159248677551,0.5392951651165346
2020,9,0.1280049288214745,-0.2494576587142401,0.5334262189044134,0.8628771896617742,1.0096507400579806,0.7618875765735472,-0.216188682868053,-0.7781065443919492,-0.1985155641150617,-0.1482816421248253,-0.0478137981443526,-0.5057660873283287,0.6064042489023324,0.5984166909678077,0.6513756437900498,0.4131652959298433,0.8827893447209377,-1.2742065246158276,-0.0540930383931321,0.0594565561056312,-0.1830790985034786,-0.6255039010320705,0.7151138920823619,-0.0627924024877954,-1.0,-1.8369701987210294e-16,0.781045914694547,-0.5909680796637831,-0.6255039010320705,-0.5313152973003774,-0.6255039010320705,-0.5627114985442752,-0.4214285929467354,-0.5595718784198853,-0.3617758105833297,0.5330159248677551,0.5392951651165346,0.5047593437482472
2020,10,0.781045914694547,-1.5359052262557695,-0.0422893510791726,0.5984166909678077,0.928286739187973,1.514060551424329,-1.2242737908820145,-0.226258747282014,0.479642382753129,-0.1671193628711639,0.5298763047433652,-0.2494576587142401,0.5334262189044134,0.8628771896617742,1.0096507400579806,0.7618875765735472,-0.216188682868053,-0.7781065443919492,0.3666160582750972,0.1881809812056118,-0.1579621375083605,-0.6255039010320705,0.781045914694547,0.6530409858730725,-0.8660254037844386,0.5000000000000001,-0.5909680796637831,-0.6255039010320705,-0.5313152973003774,-0.6255039010320705,-0.5627114985442752,-0.4214285929467354,-0.5595718784198853,-0.3617758105833297,0.5330159248677551,0.5392951651165346,0.5047593437482472,1.0039589435262208
2020,11,-0.5909680796637831,-0.6549727483237735,-0.6186806435627399,-0.0150483713569364,0.0664436879556713,0.7749633439759713,-1.3787281926773438,1.1646721961430753,-0.5313152973003774,-0.6066661802857319,-0.5752699790418342,-1.5359052262557695,-0.0422893510791726,0.5984166909678077,0.928286739187973,1.514060551424329,-1.2242737908820145,-0.226258747282014,0.1060275879507462,-0.0294993474187455,-0.1629332027053109,-0.6255039010320705,0.781045914694547,-1.37201399435833,-0.5000000000000004,0.8660254037844384,-0.6255039010320705,-0.5313152973003774,-0.6255039010320705,-0.5627114985442752,-0.4214285929467354,-0.5595718784198853,-0.3617758105833297,0.5330159248677551,0.5392951651165346,0.5047593437482472,1.0039589435262208,0.0714917665824586
2020,12,-0.6255039010320705,-1.0453627791474651,-1.7451100510306252,-1.3007012209132716,-1.1023946270634637,0.175903387418102,-1.1766026792167892,1.2683626848208205,-0.6255039010320705,-0.5752699790418342,-0.5627114985442752,-0.6549727483237735,-0.6186806435627399,-0.0150483713569364,0.0664436879556713,0.7749633439759713,-1.3787281926773438,1.1646721961430753,-0.1451420220004354,-0.0996175301967838,-0.1629332027053109,-0.6255039010320705,0.781045914694547,-0.0345358213682874,-2.4492935982947064e-16,1.0,-0.5313152973003774,-0.6255039010320705,-0.5627114985442752,-0.4214285929467354,-0.5595718784198853,-0.3617758105833297,0.5330159248677551,0.5392951651165346,0.5047593437482472,1.0039589435262208,0.0714917665824586,-0.6255039010320705
2021,1,-0.5313152973003774,-0.9349907285480956,-2.1606793885187767,-2.1378124057555903,-1.7280085833328451,-0.5327188460036362,-1.1670684568837435,1.18441418007733,-0.6255039010320705,-0.6035265601613422,-0.6255039010320705,-1.0453627791474651,-1.7451100510306252,-1.3007012209132716,-1.1023946270634637,0.175903387418102,-1.1766026792167892,1.2683626848208205,-0.5825957593320769,-0.1079898505284898,-0.1550841523943365,-0.6255039010320705,0.781045914694547,0.0941886037316931,0.4999999999999999,0.8660254037844387,-0.6255039010320705,-0.5627114985442752,-0.4214285929467354,-0.5595718784198853,-0.3617758105833297,0.5330159248677551,0.5392951651165346,0.5047593437482472,1.0039589435262208,0.0714917665824586,-0.6255039010320705,-0.6255039010320705
2021,2,-0.6255039010320705,0.3045049190559236,-1.3002191836325945,-1.7607553955254416,-1.648891127504867,-1.2819015675947616,-0.5701580372470315,0.6860594755522058,-0.6255039010320705,-0.6255039010320705,-0.5627114985442752,-0.9349907285480956,-2.1606793885187767,-2.1378124057555903,-1.7280085833328451,-0.5327188460036362,-1.1670684568837435,1.18441418007733,-0.5941076997881728,-0.2440400559187132,-0.1550841523943365,-0.6255039010320705,0.781045914694547,-0.0941886037316931,0.8660254037844386,0.5000000000000001,-0.5627114985442752,-0.4214285929467354,-0.5595718784198853,-0.3617758105833297,0.5330159248677551,0.5392951651165346,0.5047593437482472,1.0039589435262208,0.0714917665824586,-0.6255039010320705,-0.6255039010320705,-0.3397984697126014
2021,3,-0.5627114985442752,1.7262020470144577,0.4239591739075346,-0.5510494135917934,-0.8459954646579784,-1.855058549442414,-0.3566595585749163,-0.1495219261675208,-0.6255039010320705,-0.6255039010320705,-0.6255039010320705,0.3045049190559236,-1.3002191836325945,-1.7607553955254416,-1.648891127504867,-1.2819015675947616,-0.5701580372470315,0.6860594755522058,-0.5731768989589076,-0.3591594604796715,-0.1498514521870202,-0.6255039010320705,0.781045914694547,0.0627924024877953,1.0,6.123233995736766e-17,-0.4214285929467354,-0.5595718784198853,-0.3617758105833297,0.5330159248677551,0.5392951651165346,0.5047593437482472,1.0039589435262208,0.0714917665824586,-0.6255039010320705,-0.6255039010320705,-0.3397984697126014,-0.6066661802857319
2021,4,-0.4214285929467354,0.3461426291497613,0.3239522439103853,0.3077183790175887,0.4267699775228464,0.075409787946239,-0.363969129030251,-0.1113788807237388,0.0086993640946632,-0.6066661802857319,-0.5941076997881729,1.7262020470144577,0.4239591739075346,-0.5510494135917934,-0.8459954646579784,-1.855058549442414,-0.3566595585749163,-0.1495219261675208,-0.5365479975076936,-0.5595718784198852,-0.1856954486071368,-0.6255039010320705,0.781045914694547,0.1412829055975397,0.8660254037844387,-0.4999999999999998,-0.5595718784198853,-0.3617758105833297,0.5330159248677551,0.5392951651165346,0.5047593437482472,1.0039589435262208,0.0714917665824586,-0.6255039010320705,-0.6255039010320705,-0.3397984697126014,-0.6066661802857319,1.7982828349968332
2021,5,-0.5595718784198853,0.7083264692647266,0.8496643488953967,0.7483470524321034,0.928286739187973,-0.0581950289801507,0.11051733574429,-0.7955310237433487,0.7151138920823619,1.1326833686262014,1.4529246213139584,0.3461426291497613,0.3239522439103853,0.3077183790175887,0.4267699775228464,0.075409787946239,-0.363969129030251,-0.1113788807237388,-0.5145706566369652,-0.554339178212569,-0.2919192628156574,-0.6255039010320705,0.781045914694547,-0.1381432854731499,0.4999999999999999,-0.8660254037844387,-0.3617758105833297,0.5330159248677551,0.5392951651165346,0.5047593437482472,1.0039589435262208,0.0714917665824586,-0.6255039010320705,-0.6255039010320705,-0.3397984697126014,-0.6066661802857319,1.7982828349968332,0.2724274545434041
2021,6,-0.3617758105833297,-0.1607512328621546,0.8790582776445587,0.1269689988078549,0.5857374582142467,-0.2122570949071095,1.5177685521017368,-0.990024872697118,-0.2047948043638412,-0.041534557895573,-0.1828174634931128,0.7083264692647266,0.8496643488953967,0.7483470524321034,0.928286739187973,-0.0581950289801507,0.11051733574429,-0.7955310237433487,-0.4475920939833167,-0.5103844964711123,-0.3050010133339481,-0.6255039010320705,0.781045914694547,0.1977960678365556,1.2246467991473532e-16,-1.0,0.5330159248677551,0.5392951651165346,0.5047593437482472,1.0039589435262208,0.0714917665824586,-0.6255039010320705,-0.6255039010320705,-0.3397984697126014,-0.6066661802857319,1.7982828349968332,0.2724274545434041,-0.4245682130711252
2021,7,0.5330159248677551,-0.6529288214608187,0.5151817114049335,0.6109108877564987,0.8359830407219989,0.7010430782574244,0.3393386717373711,-1.297081083626387,-0.4810813753101411,-0.5501530180467161,-0.399451252076007,-0.1607512328621546,0.8790582776445587,0.1269689988078549,0.5857374582142467,-0.2122570949071095,1.5177685521017368,-0.990024872697118,-0.1294439213784866,-0.3329959594430901,-0.22049290498579,-0.6255039010320705,0.781045914694547,0.8947917354510848,-0.4999999999999997,-0.8660254037844388,0.5392951651165346,0.5047593437482472,1.0039589435262208,0.0714917665824586,-0.6255039010320705,-0.6255039010320705,-0.3397984697126014,-0.6066661802857319,1.7982828349968332,0.2724274545434041,-0.4245682130711252,-0.2644475867272469
2021,8,0.5392951651165346,-0.5302932096837433,0.5354533864043549,0.7358528556434137,0.8667509402106574,0.6409367281011166,0.3012017824051911,-0.861337636857624,0.1907973313092699,0.5895290871067711,-0.4308474533199047,-0.6529288214608187,0.5151817114049335,0.6109108877564987,0.8359830407219989,0.7010430782574244,0.3393386717373711,-1.297081083626387,0.2368450931336534,-0.1388627817516559,-0.1914514188351846,-0.6255039010320705,0.781045914694547,0.0062792402487795,-0.8660254037844385,-0.5000000000000004,0.5047593437482472,1.0039589435262208,0.0714917665824586,-0.6255039010320705,-0.6255039010320705,-0.3397984697126014,-0.6066661802857319,1.7982828349968332,0.2724274545434041,-0.4245682130711252,-0.2644475867272469,0.3195217564092507
2021,9,0.5047593437482472,-0.9337643724303244,0.1040045701666562,0.9016091997067164,0.9990529080118868,1.4483653652008552,-0.5610097239131815,-0.578414273488838,0.1280049288214745,-0.1985155641150617,-0.1482816421248253,-0.5302932096837433,0.5354533864043549,0.7358528556434137,0.8667509402106574,0.6409367281011166,0.3012017824051911,-0.861337636857624,0.5256901445775123,0.0390490252970978,-0.1600552175912869,-0.6255039010320705,0.781045914694547,-0.0345358213682874,-1.0,-1.8369701987210294e-16,1.0039589435262208,0.0714917665824586,-0.6255039010320705,-0.6255039010320705,-0.3397984697126014,-0.6066661802857319,1.7982828349968332,0.2724274545434041,-0.4245682130711252,-0.2644475867272469,0.3195217564092507,0.46708390225557
2021,10,1.0039589435262208,-0.9717814120812188,0.0387973489185155,0.8358064299529429,1.020590437653948,1.5393684883322476,-1.3577529035446445,-0.0407832589495693,0.781045914694547,0.479642382753129,-0.1671193628711639,-0.9337643724303244,0.1040045701666562,0.9016091997067164,0.9990529080118868,1.4483653652008552,-0.5610097239131815,-0.578414273488838,0.682671150797001,0.2766136147092572,-0.1414791318553141,-0.6255039010320705,1.0039589435262208,0.4991995997779737,-0.8660254037844386,0.5000000000000001,0.0714917665824586,-0.6255039010320705,-0.6255039010320705,-0.3397984697126014,-0.6066661802857319,1.7982828349968332,0.2724274545434041,-0.4245682130711252,-0.2644475867272469,0.3195217564092507,0.46708390225557,-0.1357231616272662
2021,11,0.0714917665824586,-0.9210920258800274,-0.3463644760705036,0.4497357491823815,0.6175309543525261,1.2424220286126637,-1.477248490118809,0.6955409078232786,-0.5909680796637831,-0.5313152973003774,-0.6066661802857319,-0.9717814120812188,0.0387973489185155,0.8358064299529429,1.020590437653948,1.5393684883322476,-1.3577529035446445,-0.0407832589495693,0.5267366846189755,0.3817908888763145,-0.0862741446681273,-0.6255039010320705,1.0039589435262208,-0.9324671769437622,-0.5000000000000004,0.8660254037844384,-0.6255039010320705,-0.6255039010320705,-0.3397984697126014,-0.6066661802857319,1.7982828349968332,0.2724274545434041,-0.4245682130711252,-0.2644475867272469,0.3195217564092507,0.46708390225557,-0.1357231616272662,-0.5941076997881729
2021,12,-0.6255039010320705,-1.4991145427226478,-1.9883701510236893,-1.4131489920114944,-1.2562341245067536,0.4574541855187021,-1.0717262335532936,1.8591573296122847,-0.6255039010320705,-0.6255039010320705,-0.5752699790418342,-0.9210920258800274,-0.3463644760705036,0.4497357491823815,0.6175309543525261,1.2424220286126637,-1.477248490118809,0.6955409078232786,0.1499822696922029,0.3378362071348577,-0.0862741446681273,-0.6255039010320705,1.0039589435262208,-0.6969956676145291,-2.4492935982947064e-16,1.0,-0.6255039010320705,-0.3397984697126014,-0.6066661802857319,1.7982828349968332,0.2724274545434041,-0.4245682130711252,-0.2644475867272469,0.3195217564092507,0.46708390225557,-0.1357231616272662,-0.5941076997881729,-0.6255039010320705
2022,1,-0.6255039010320705,-0.4199211590843751,-1.59307248853496,-1.4631257791662595,-1.204954292025657,-0.2385140794490755,-0.7952337858949876,0.9793319268786576,-0.5313152973003774,-0.6255039010320705,-0.6035265601613422,-1.4991145427226478,-1.9883701510236893,-1.4131489920114944,-1.2562341245067536,0.4574541855187021,-1.0717262335532936,1.8591573296122847,-0.3931720118272274,0.1447495694848868,-0.0941231949791017,-0.6255039010320705,1.0039589435262208,0.0,0.4999999999999999,0.8660254037844387,-0.3397984697126014,-0.6066661802857319,1.7982828349968332,0.2724274545434041,-0.4245682130711252,-0.2644475867272469,0.3195217564092507,0.46708390225557,-0.1357231616272662,-0.5941076997881729,-0.6255039010320705,-0.6255039010320705
2022,2,-0.3397984697126014,-0.5780335014112493,-1.0421173215863822,-0.7509565622108543,-0.6496669631589217,0.0805466965686207,-0.7601614680270006,0.5801418966287927,-0.6255039010320705,-0.6255039010320705,-0.6255039010320705,-0.4199211590843751,-1.59307248853496,-1.4631257791662595,-1.204954292025657,-0.2385140794490755,-0.7952337858949876,0.9793319268786576,-0.5302687572589141,-0.0017660363199692,-0.0703144090358126,-0.6255039010320705,1.0039589435262208,0.2857054313194691,0.8660254037844386,0.5000000000000001,-0.6066661802857319,1.7982828349968332,0.2724274545434041,-0.4245682130711252,-0.2644475867272469,0.3195217564092507,0.46708390225557,-0.1357231616272662,-0.5941076997881729,-0.6255039010320705,-0.6255039010320705,-0.6255039010320705
2022,3,-0.6066661802857319,0.8064349586863875,0.1806990739144691,0.0861546226314633,0.2513929504374942,-0.4599585273933677,-0.8238364528941228,-0.3840143266655348,-0.5627114985442752,-0.6255039010320705,-0.6255039010320705,-0.5780335014112493,-1.0421173215863822,-0.7509565622108543,-0.6496669631589217,0.0805466965686207,-0.7601614680270006,0.5801418966287927,-0.5239895170101345,-0.1870036236589657,-0.073977299180934,-0.6255039010320705,1.0039589435262208,-0.2668677105731305,1.0,6.123233995736766e-17,1.7982828349968332,0.2724274545434041,-0.4245682130711252,-0.2644475867272469,0.3195217564092507,0.46708390225557,-0.1357231616272662,-0.5941076997881729,-0.6255039010320705,-0.6255039010320705,-0.6255039010320705,-0.5595718784198853
2022,4,1.7982828349968332,0.929070570463463,0.5020051226553088,0.0365943087029874,-0.0077411363669824,-0.7222120236016809,-0.9452388839348962,-0.2739272248523613,-0.4214285929467354,0.0086993640946632,-0.6066661802857319,0.8064349586863875,0.1806990739144691,0.0861546226314633,0.2513929504374942,-0.4599585273933677,-0.8238364528941228,-0.3840143266655348,0.2839393949995,-0.0546163084138636,0.1109986531476966,-0.6255039010320705,1.7982828349968332,2.404949015282565,0.8660254037844387,-0.4999999999999998,0.2724274545434041,-0.4245682130711252,-0.2644475867272469,0.3195217564092507,0.46708390225557,-0.1357231616272662,-0.5941076997881729,-0.6255039010320705,-0.6255039010320705,-0.6255039010320705,-0.5595718784198853,-0.2424702458565185
2022,5,0.2724274545434041,-0.3708669143735459,0.4949100364055109,0.5359457070243502,0.7847032082409025,0.5365414883559502,-0.0038933322522502,-1.0476019030869064,-0.5595718784198853,0.7151138920823619,1.1326833686262014,0.929070570463463,0.5020051226553088,0.0365943087029874,-0.0077411363669824,-0.7222120236016809,-0.9452388839348962,-0.2739272248523613,0.4880147030848351,-0.0211270270870394,0.1803319308946374,-0.6255039010320705,1.7982828349968332,-1.5258553804534292,0.4999999999999999,-0.8660254037844387,-0.4245682130711252,-0.2644475867272469,0.3195217564092507,0.46708390225557,-0.1357231616272662,-0.5941076997881729,-0.6255039010320705,-0.6255039010320705,-0.6255039010320705,-0.5595718784198853,-0.2424702458565185,-0.0164175969004549
2022,6,-0.4245682130711252,0.1814021239958874,0.638163206401427,0.3851823991074759,0.6493244504908067,-0.0291963512731599,0.2764128043392739,-0.9774494993691316,-0.3617758105833297,-0.2047948043638412,-0.041534557895573,-0.3708669143735459,0.4949100364055109,0.5359457070243502,0.7847032082409025,0.5365414883559502,-0.0038933322522502,-1.0476019030869064,0.548714025489704,0.0123622542397848,0.1750992306873211,-0.6255039010320705,1.7982828349968332,-0.6969956676145292,1.2246467991473532e-16,-1.0,-0.2644475867272469,0.3195217564092507,0.46708390225557,-0.1357231616272662,-0.5941076997881729,-0.6255039010320705,-0.6255039010320705,-0.6255039010320705,-0.5595718784198853,-0.2424702458565185,-0.0164175969004549,-0.1420024018760457
2022,7,-0.2644475867272469,-0.0274872013977314,0.6368117614014668,0.5484399038130425,0.7129114427673665,0.153758942623672,0.4823520067330467,-1.4212572611126546,0.5330159248677551,-0.4810813753101411,-0.5501530180467161,0.1814021239958874,0.638163206401427,0.3851823991074759,0.6493244504908067,-0.0291963512731599,0.2764128043392739,-0.9774494993691316,-0.1388627817516559,0.072538306623922,0.1086439380544043,-0.6255039010320705,1.7982828349968332,0.1601206263438783,-0.4999999999999997,-0.8660254037844388,0.3195217564092507,0.46708390225557,-0.1357231616272662,-0.5941076997881729,-0.6255039010320705,-0.6255039010320705,-0.6255039010320705,-0.5595718784198853,-0.2424702458565185,-0.0164175969004549,-0.1420024018760457,-0.3649154307077195
2022,8,0.3195217564092507,-0.6284016991054069,0.2719216114118691,0.760841249220793,0.8975188396993157,0.922487526201718,-0.0801671109166104,-1.193075083789899,0.5392951651165346,0.1907973313092699,0.5895290871067711,-0.0274872013977314,0.6368117614014668,0.5484399038130425,0.7129114427673665,0.153758942623672,0.4823520067330467,-1.4212572611126546,-0.123164681129707,0.1824250109775641,0.0903294873287973,-0.6255039010320705,1.7982828349968332,0.5839693431364976,-0.8660254037844385,-0.5000000000000004,0.46708390225557,-0.1357231616272662,-0.5941076997881729,-0.6255039010320705,-0.6255039010320705,-0.6255039010320705,-0.5595718784198853,-0.2424702458565185,-0.0164175969004549,-0.1420024018760457,-0.3649154307077195,-0.0007194962785061
2022,9,0.46708390225557,-0.8323856000279418,0.2506363526624752,0.8370558496318122,0.9566615798275134,1.23588414491145,-0.442785366983423,-0.641524017412709,0.5047593437482472,0.1280049288214745,-0.1985155641150617,-0.6284016991054069,0.2719216114118691,0.760841249220793,0.8975188396993157,0.922487526201718,-0.0801671109166104,-1.193075083789899,0.174052690645858,0.361383358067781,0.0871898672044075,-0.6255039010320705,1.7982828349968332,0.1475621458463193,-1.0,-1.8369701987210294e-16,-0.1357231616272662,-0.5941076997881729,-0.6255039010320705,-0.6255039010320705,-0.6255039010320705,-0.5595718784198853,-0.2424702458565185,-0.0164175969004549,-0.1420024018760457,-0.3649154307077195,-0.0007194962785061,1.317920955965198
2022,10,-0.1357231616272662,-1.0208356567920491,-0.245006101073394,0.4484863295035121,0.6616316102862712,1.267308166572117,-1.2147395685489693,0.5926053922755037,1.0039589435262208,0.781045914694547,0.479642382753129,-0.8323856000279418,0.2506363526624752,0.8370558496318122,0.9566615798275134,1.23588414491145,-0.442785366983423,-0.641524017412709,0.2169608323458516,0.0390490252970978,-0.007783641558383,-0.6255039010320705,1.7982828349968332,-0.6028070638828362,-0.8660254037844386,0.5000000000000001,-0.5941076997881729,-0.6255039010320705,-0.6255039010320705,-0.6255039010320705,-0.5595718784198853,-0.2424702458565185,-0.0164175969004549,-0.1420024018760457,-0.3649154307077195,-0.0007194962785061,1.317920955965198,0.5706913663604324
2022,11,-0.5941076997881729,-0.6929897879746664,-0.5977332460633372,0.2173436889127225,0.3419873211540976,1.0822438779329575,-1.329468043956611,0.5961023076184477,0.0714917665824586,-0.5909680796637831,-0.5313152973003774,-1.0208356567920491,-0.245006101073394,0.4484863295035121,0.6616316102862712,1.267308166572117,-1.2147395685489693,0.5926053922755037,-0.0875823197199562,-0.1053735004248316,-0.0632502637559356,-0.6255039010320705,1.7982828349968332,-0.4583845381609067,-0.5000000000000004,0.8660254037844384,-0.6255039010320705,-0.6255039010320705,-0.6255039010320705,-0.5595718784198853,-0.2424702458565185,-0.0164175969004549,-0.1420024018760457,-0.3649154307077195,-0.0007194962785061,1.317920955965198,0.5706913663604324,-0.386892771578448
2022,12,-0.6255039010320705,-1.5972230321443073,-1.4815782760381384,-0.7884391525769299,-0.5280605032751777,0.8845256208398389,-1.3100817918794194,1.233994505026491,-0.6255039010320705,-0.6255039010320705,-0.6255039010320705,-0.6929897879746664,-0.5977332460633372,0.2173436889127225,0.3419873211540976,1.0822438779329575,-1.329468043956611,0.5961023076184477,-0.4517782541491698,-0.1388627817516558,-0.0632502637559356,-0.6255039010320705,1.7982828349968332,-0.0313962012438976,-2.4492935982947064e-16,1.0,-0.6255039010320705,-0.6255039010320705,-0.5595718784198853,-0.2424702458565185,-0.0164175969004549,-0.1420024018760457,-0.3649154307077195,-0.0007194962785061,1.317920955965198,0.5706913663604324,-0.386892771578448,-0.6255039010320705
2023,1,-0.6255039010320705,-1.2293161968130797,-2.19108690101791,-1.7255039117287765,-1.6357048848668705,0.0556906871054851,-0.9477813432237084,1.443133330266452,-0.6255039010320705,-0.5313152973003774,-0.6255039010320705,-1.5972230321443073,-1.4815782760381384,-0.7884391525769299,-0.5280605032751777,0.8845256208398389,-1.3100817918794194,1.233994505026491,-0.6150385006174379,-0.1990388341357931,-0.0632502637559356,-0.6255039010320705,1.7982828349968332,0.0,0.4999999999999999,0.8660254037844387,-0.6255039010320705,-0.5595718784198853,-0.2424702458565185,-0.0164175969004549,-0.1420024018760457,-0.3649154307077195,-0.0007194962785061,1.317920955965198,0.5706913663604324,-0.386892771578448,-0.6255039010320705,-0.5941076997881729
2023,2,-0.6255039010320705,0.1144197208014554,-1.3338846438994918,-1.4011010165366835,-1.4672140067146953,-0.8651114816424673,-0.5490465449381462,0.8874151556256242,-0.3397984697126014,-0.6255039010320705,-0.6255039010320705,-1.2293161968130797,-2.19108690101791,-1.7255039117287765,-1.6357048848668705,0.0556906871054851,-0.9477813432237084,1.443133330266452,-0.6255039010320705,-0.3565431103760133,-0.0870590496992247,-0.6255039010320705,1.7982828349968332,0.0,0.8660254037844386,0.5000000000000001,-0.5595718784198853,-0.2424702458565185,-0.0164175969004549,-0.1420024018760457,-0.3649154307077195,-0.0007194962785061,1.317920955965198,0.5706913663604324,-0.386892771578448,-0.6255039010320705,-0.5941076997881729,-0.6255039010320705
2023,3,-0.5595718784198853,0.9413341316411704,-0.4882662010664583,-0.8009333493656194,-0.8152275651693199,-1.1242918712262473,-0.4615360042384118,0.4605414358200639,-0.6066661802857319,-0.5627114985442752,-0.6255039010320705,0.1144197208014554,-1.3338846438994918,-1.4011010165366835,-1.4672140067146953,-0.8651114816424673,-0.5490465449381462,0.8874151556256242,-0.6035265601613421,-0.5276524071552559,-0.0831345245437375,-0.6255039010320705,1.7982828349968332,0.0659320226121852,1.0,6.123233995736766e-17,-0.2424702458565185,-0.0164175969004549,-0.1420024018760457,-0.3649154307077195,-0.0007194962785061,1.317920955965198,0.5706913663604324,-0.386892771578448,-0.6255039010320705,-0.5941076997881729,-0.6255039010320705,-0.6035265601613422
2023,4,-0.2424702458565185,2.069581759990272,1.1827955413858997,0.1527903388378155,-0.0077411363669824,-1.5329096025520257,0.8970906782205054,-0.8392368314030724,1.7982828349968332,-0.4214285929467354,0.0086993640946632,0.9413341316411704,-0.4882662010664583,-0.8009333493656194,-0.8152275651693199,-1.1242918712262473,-0.4615360042384118,0.4605414358200639,-0.4758486751028247,-0.5454435878601313,-0.2531972812815168,-0.6255039010320705,0.46708390225557,0.3171016325633668,0.8660254037844387,-0.4999999999999998,-0.0164175969004549,-0.1420024018760457,-0.3649154307077195,-0.0007194962785061,1.317920955965198,0.5706913663604324,-0.386892771578448,-0.6255039010320705,-0.5941076997881729,-0.6255039010320705,-0.6035265601613422,0.0338163250897814
2023,5,-0.0164175969004549,0.9045434481080484,1.0219735863904849,0.4234979359261288,0.7334233757598059,-0.4536315431663881,0.6539680087278572,-0.7662335590006699,0.2724274545434041,-0.5595718784198853,0.7151138920823619,2.069581759990272,1.1827955413858997,0.1527903388378155,-0.0077411363669824,-1.5329096025520257,0.8970906782205054,-0.8392368314030724,-0.2728199070589528,-0.4491619040455115,-0.2772677022351717,-0.6255039010320705,0.46708390225557,0.2260526489560635,0.4999999999999999,-0.8660254037844387,-0.1420024018760457,-0.3649154307077195,-0.0007194962785061,1.317920955965198,0.5706913663604324,-0.386892771578448,-0.6255039010320705,-0.5941076997881729,-0.6255039010320705,-0.6035265601613422,0.0338163250897814,0.4482461815092313
2023,6,-0.1420024018760457,0.270108549847973,0.9733215663918716,0.3464503890625309,0.6387266184447128,-0.2645601645168089,0.8281264700114799,-1.1649157128699863,-0.4245682130711252,-0.3617758105833297,-0.2047948043638412,0.9045434481080484,1.0219735863904849,0.4234979359261288,0.7334233757598059,-0.4536315431663881,0.6539680087278572,-0.7662335590006699,-0.1336300815443396,-0.3685783208528408,-0.2537205513022484,-0.6255039010320705,0.46708390225557,-0.1255848049755908,1.2246467991473532e-16,-1.0,-0.3649154307077195,-0.0007194962785061,1.317920955965198,0.5706913663604324,-0.386892771578448,-0.6255039010320705,-0.5941076997881729,-0.6255039010320705,-0.6035265601613422,0.0338163250897814,0.4482461815092313,1.6130452476578363
2023,7,-0.3649154307077195,0.1196755327347585,0.8699360238948193,0.473474723080894,0.8154711077295597,-0.0392140762992119,1.0734737913818386,-1.075997907376005,-0.2644475867272469,0.5330159248677551,-0.4810813753101411,0.270108549847973,0.9733215663918716,0.3464503890625309,0.6387266184447128,-0.2645601645168089,0.8281264700114799,-1.1649157128699863,-0.1744451431614066,-0.3251469091321156,-0.2620928716339545,-0.6255039010320705,0.46708390225557,-0.2229130288316737,-0.4999999999999997,-0.8660254037844388,-0.0007194962785061,1.317920955965198,0.5706913663604324,-0.386892771578448,-0.6255039010320705,-0.5941076997881729,-0.6255039010320705,-0.6035265601613422,0.0338163250897814,0.4482461815092313,1.6130452476578363,0.7308119927043107
2023,8,-0.0007194962785061,-0.3340762308404214,0.7381701363985763,0.4859689198695863,0.7231674092635857,0.3119335482981666,0.9685973457183432,-0.9716538598694894,0.3195217564092507,0.5392951651165346,0.1907973313092699,0.1196755327347585,0.8699360238948193,0.473474723080894,0.8154711077295597,-0.0392140762992119,1.0734737913818386,-1.075997907376005,-0.1692124429540904,-0.2210161750065215,-0.2887796426912676,-0.6255039010320705,0.46708390225557,0.3641959344292134,-0.8660254037844385,-0.5000000000000004,1.317920955965198,0.5706913663604324,-0.386892771578448,-0.6255039010320705,-0.5941076997881729,-0.6255039010320705,-0.6035265601613422,0.0338163250897814,0.4482461815092313,1.6130452476578363,0.7308119927043107,0.7245327524555312
2023,9,1.317920955965198,-0.5535939759213881,0.4496366289068015,1.0178052298415443,1.1792160527954736,1.1508916567956886,-0.551157694169035,-0.8511135728795194,0.46708390225557,0.5047593437482472,0.1280049288214745,-0.3340762308404214,0.7381701363985763,0.4859689198695863,0.7231674092635857,0.3119335482981666,0.9685973457183432,-0.9716538598694894,0.3174286763263242,0.0918992973909923,-0.2178765548821319,-0.6255039010320705,1.317920955965198,1.3186404522437043,-1.0,-1.8369701987210294e-16,0.5706913663604324,-0.386892771578448,-0.6255039010320705,-0.5941076997881729,-0.6255039010320705,-0.6035265601613422,0.0338163250897814,0.4482461815092313,1.6130452476578363,0.7308119927043107,0.7245327524555312,1.6726980300212424
2023,10,0.5706913663604324,-0.8246186779487273,0.1198840489162036,1.0232193817833126,1.102638169623703,1.5077335671973495,-1.2242737908820145,0.6585246879465212,-0.1357231616272662,1.0039589435262208,0.781045914694547,-0.5535939759213881,0.4496366289068015,1.0178052298415443,1.1792160527954736,1.1508916567956886,-0.551157694169035,-0.8511135728795194,0.6292976086823748,0.2274262327604841,-0.1590086775498237,-0.6255039010320705,1.317920955965198,-0.7472295896047657,-0.8660254037844386,0.5000000000000001,-0.386892771578448,-0.6255039010320705,-0.5941076997881729,-0.6255039010320705,-0.6035265601613422,0.0338163250897814,0.4482461815092313,1.6130452476578363,0.7308119927043107,0.7245327524555312,1.6726980300212424,2.9913384822649465
2023,11,-0.386892771578448,-0.870402639678836,-0.4720488610669198,0.4497357491823815,0.4691613057072185,1.069168110530532,-1.4476924008863694,1.3897480909859394,-0.5941076997881729,0.0714917665824586,-0.5909680796637831,-0.8246186779487273,0.1198840489162036,1.0232193817833126,1.102638169623703,1.5077335671973495,-1.2242737908820145,0.6585246879465212,0.5005731835823942,0.1656803703141519,-0.1417407668656799,-0.6255039010320705,1.317920955965198,-0.9575841379388804,-0.5000000000000004,0.8660254037844384,-0.6255039010320705,-0.5941076997881729,-0.6255039010320705,-0.6035265601613422,0.0338163250897814,0.4482461815092313,1.6130452476578363,0.7308119927043107,0.7245327524555312,1.6726980300212424,2.9913384822649465,-0.5564322582954956
2023,12,-0.6255039010320705,-1.0085720956143431,-1.0862806135494083,-0.4136132489161887,-0.2306374748848163,0.7168605388248748,-1.3672871258776895,1.6669208878776929,-0.6255039010320705,-0.6255039010320705,-0.6255039010320705,-0.870402639678836,-0.4720488610669198,0.4497357491823815,0.4691613057072185,1.069168110530532,-1.4476924008863694,1.3897480909859394,-0.147235102083362,0.0850967871214811,-0.1417407668656799,-0.6255039010320705,1.317920955965198,-0.2386111294536225,-2.4492935982947064e-16,1.0,-0.5941076997881729,-0.6255039010320705,-0.6035265601613422,0.0338163250897814,0.4482461815092313,1.6130452476578363,0.7308119927043107,0.7245327524555312,1.6726980300212424,2.9913384822649465,-0.5564322582954956,-0.6255039010320705
2024,1,-0.5941076997881729,-0.8246186779487273,-1.3295407135424728,-0.7884391525769299,-0.6511321012298101,0.2802986271632686,-1.2242737908820145,1.463866920699704,-0.6255039010320705,-0.6255039010320705,-0.5313152973003774,-1.0085720956143431,-1.0862806135494083,-0.4136132489161887,-0.2306374748848163,0.7168605388248748,-1.3672871258776895,1.6669208878776929,-0.5355014574662303,0.0468980756080722,-0.1391244167620218,-0.6255039010320705,1.317920955965198,0.0313962012438976,0.4999999999999999,0.8660254037844387,-0.6255039010320705,-0.6035265601613422,0.0338163250897814,0.4482461815092313,1.6130452476578363,0.7308119927043107,0.7245327524555312,1.6726980300212424,2.9913384822649465,-0.5564322582954956,-0.6255039010320705,-0.6255039010320705
2024,2,-0.6255039010320705,0.8241959783230672,-0.855602932521502,-0.7776682932763328,-0.8109837169639881,-0.8808120644224726,-0.5756179059476055,1.0874372404159156,-0.6255039010320705,-0.3397984697126014,-0.6255039010320705,-0.8246186779487273,-1.3295407135424728,-0.7884391525769299,-0.6511321012298101,0.2802986271632686,-1.2242737908820145,1.463866920699704,-0.6150385006174379,-0.0572326585175218,-0.1391244167620218,-0.6255039010320705,1.317920955965198,-0.0313962012438976,0.8660254037844386,0.5000000000000001,-0.6035265601613422,0.0338163250897814,0.4482461815092313,1.6130452476578363,0.7308119927043107,0.7245327524555312,1.6726980300212424,2.9913384822649465,-0.5564322582954956,-0.6255039010320705,-0.6255039010320705,-0.2927041678467548
2024,3,-0.6035265601613422,1.603566435237382,0.2212424239133132,-0.6010262007465587,-0.9280431966277332,-1.6873934674274491,-0.347125336241871,0.2474587210955965,-0.5595718784198853,-0.6066661802857319,-0.5627114985442752,0.8241959783230672,-0.855602932521502,-0.7776682932763328,-0.8109837169639881,-0.8808120644224726,-0.5756179059476055,1.0874372404159156,-0.6077127203271951,-0.3774739112052785,-0.1427873069071432,-0.6255039010320705,1.317920955965198,0.0219773408707283,1.0,6.123233995736766e-17,0.0338163250897814,0.4482461815092313,1.6130452476578363,0.7308119927043107,0.7245327524555312,1.6726980300212424,2.9913384822649465,-0.5564322582954956,-0.6255039010320705,-0.6255039010320705,-0.2927041678467548,-0.3429380898369911
2024,4,0.0338163250897814,2.563803275451888,1.5284276001260448,0.2431650289426831,-0.0925237927357289,-1.8565348457620428,0.6704939941051349,-1.008072862195708,-0.2424702458565185,1.7982828349968332,-0.4214285929467354,1.603566435237382,0.2212424239133132,-0.6010262007465587,-0.9280431966277332,-1.6873934674274491,-0.347125336241871,0.2474587210955965,-0.3984047120345437,-0.4669530847503869,-0.1197634259949515,-0.6255039010320705,1.317920955965198,0.6373428852511236,0.8660254037844387,-0.4999999999999998,0.4482461815092313,1.6130452476578363,0.7308119927043107,0.7245327524555312,1.6726980300212424,2.9913384822649465,-0.5564322582954956,-0.6255039010320705,-0.6255039010320705,-0.2927041678467548,-0.3429380898369911,1.7606073935041555
2024,5,0.4482461815092313,1.92241902585778,1.4071354113795038,1.4855046629648905,0.928286739187973,-0.2733124926974647,0.7111733427261273,-0.881507814507364,-0.0164175969004549,0.2724274545434041,-0.5595718784198853,2.563803275451888,1.5284276001260448,0.2431650289426831,-0.0925237927357289,-1.8565348457620428,0.6704939941051349,-1.008072862195708,-0.0404880178541097,-0.3277632592357738,-0.081041444460811,-0.6255039010320705,1.317920955965198,0.4144298564194499,0.4999999999999999,-0.8660254037844387,1.6130452476578363,0.7308119927043107,0.7245327524555312,1.6726980300212424,2.9913384822649465,-0.5564322582954956,-0.6255039010320705,-0.6255039010320705,-0.2927041678467548,-0.3429380898369911,1.7606073935041555,5.622340146503574
2024,6,1.6130452476578363,0.751657718759292,1.161848143886497,1.5987853805156906,0.9990529080118868,0.412110798558681,1.340432016707099,-1.221155576920255,-0.1420024018760457,-0.4245682130711252,-0.3617758105833297,1.92241902585778,1.4071354113795038,1.4855046629648905,0.928286739187973,-0.2733124926974647,0.7111733427261273,-0.881507814507364,0.6983692514189497,0.0453282655458773,0.0652125263336791,-0.6255039010320705,1.6130452476578363,1.164799066148605,1.2246467991473532e-16,-1.0,0.7308119927043107,0.7245327524555312,1.6726980300212424,2.9913384822649465,-0.5564322582954956,-0.6255039010320705,-0.6255039010320705,-0.2927041678467548,-0.3429380898369911,1.7606073935041555,5.622340146503574,2.341437116516264
2024,7,0.7308119927043107,0.4385281233551585,1.0827886113887504,1.360562695077978,0.918030772691754,0.4100018038163535,1.6359929090314953,-1.4907823985981508,-0.3649154307077195,-0.2644475867272469,0.5330159248677551,0.751657718759292,1.161848143886497,1.5987853805156906,0.9990529080118868,0.412110798558681,1.340432016707099,-1.221155576920255,0.9307011406237928,0.2661482142946246,0.1565231449513483,-0.6255039010320705,1.6130452476578363,-0.8822332549535256,-0.4999999999999997,-0.8660254037844388,0.7245327524555312,1.6726980300212424,2.9913384822649465,-0.5564322582954956,-0.6255039010320705,-0.6255039010320705,-0.2927041678467548,-0.3429380898369911,1.7606073935041555,5.622340146503574,2.341437116516264,0.8563967976799016
2024,8,0.7245327524555312,0.7328535916201412,1.1131961238878836,1.3480684982892872,0.9385427056841932,0.3593859300005152,1.7980746886932604,-0.7926012772690848,-0.0007194962785061,0.3195217564092507,0.5392951651165346,0.4385281233551585,1.0827886113887504,1.360562695077978,0.918030772691754,0.4100018038163535,1.6359929090314953,-1.4907823985981508,1.0227966642725594,0.4911543232092248,0.2169608323458514,-0.6255039010320705,1.6130452476578363,-0.0062792402487795,-0.8660254037844385,-0.5000000000000004,1.6726980300212424,2.9913384822649465,-0.5564322582954956,-0.6255039010320705,-0.6255039010320705,-0.2927041678467548,-0.3429380898369911,1.7606073935041555,5.622340146503574,2.341437116516264,0.8563967976799016,0.1845180910604904
2024,9,1.6726980300212424,0.3968320153509526,0.8895319763942606,1.4438573403359205,1.10503122847282,0.8207285298844588,0.7296061725700144,-1.2054363602602225,1.317920955965198,0.46708390225557,0.5047593437482472,0.7328535916201412,1.1131961238878836,1.3480684982892872,0.9385427056841932,0.3593859300005152,1.7980746886932604,-0.7926012772690848,1.0426809250603617,0.8705250882396557,0.2465255885171884,-0.6255039010320705,1.6726980300212424,0.9481652775657112,-1.0,-1.8369701987210294e-16,2.9913384822649465,-0.5564322582954956,-0.6255039010320705,-0.6255039010320705,-0.2927041678467548,-0.3429380898369911,1.7606073935041555,5.622340146503574,2.341437116516264,0.8563967976799016,0.1845180910604904,5.214189530332904
2024,10,2.9913384822649465,0.3894738786443267,0.5658608989034871,1.585458237274421,1.1641739686010195,0.9477954631096364,-0.242248890578376,0.1062674775472576,0.5706913663604324,-0.1357231616272662,1.0039589435262208,0.3968320153509526,0.8895319763942606,1.4438573403359205,1.10503122847282,0.8207285298844588,0.7296061725700144,-1.2054363602602225,1.7961897549139068,1.3634454477688498,0.4482461815092313,-0.6255039010320705,2.9913384822649465,1.318640452243704,-0.8660254037844386,0.5000000000000001,-0.5564322582954956,-0.6255039010320705,-0.6255039010320705,-0.2927041678467548,-0.3429380898369911,1.7606073935041555,5.622340146503574,2.341437116516264,0.8563967976799016,0.1845180910604904,5.214189530332904,2.3916710385065
2024,11,-0.5564322582954956,-0.1100618466609633,-0.1892589948249827,0.6046637893621533,0.2466068327392583,0.4774896355708047,-0.088112296194148,0.8683358524414893,-0.386892771578448,-0.5941076997881729,0.0714917665824586,0.3894738786443267,0.5658608989034871,1.585458237274421,1.1641739686010195,0.9477954631096364,-0.242248890578376,0.1062674775472576,1.369201417996898,1.1959990411347288,0.4341178909494773,-0.6255039010320705,2.9913384822649465,-3.547770740560442,-0.5000000000000004,0.8660254037844384,-0.6255039010320705,-0.6255039010320705,-0.2927041678467548,-0.3429380898369911,1.7606073935041555,5.622340146503574,2.341437116516264,0.8563967976799016,0.1845180910604904,5.214189530332904,2.3916710385065,3.713451110874593
2024,12,-0.6255039010320705,-0.3586033531958387,-1.0964164510491203,-0.438601642493572,-0.8152275651693199,-0.0107426472778022,-0.6712888955654024,1.1765264011081182,-0.6255039010320705,-0.6255039010320705,-0.6255039010320705,-0.1100618466609633,-0.1892589948249827,0.6046637893621533,0.2466068327392583,0.4774896355708047,-0.088112296194148,0.8683358524414893,0.6031341076457934,0.8229075163530776,0.4341178909494773,-0.6255039010320705,2.9913384822649465,-0.0690716427365749,-2.4492935982947064e-16,1.0,-0.6255039010320705,-0.2927041678467548,-0.3429380898369911,1.7606073935041555,5.622340146503574,2.341437116516264,0.8563967976799016,0.1845180910604904,5.214189530332904,2.3916710385065,3.713451110874593,-0.6255039010320705
2025,1,-0.6255039010320705,-0.4199211590843751,-2.221494413517043,-1.9129168635591465,-2.086967410700523,-0.7351823412669896,-0.2041120012461959,1.4234138828435614,-0.5941076997881729,-0.6255039010320705,-0.6255039010320705,-0.3586033531958387,-1.0964164510491203,-0.438601642493572,-0.8152275651693199,-0.0107426472778022,-0.6712888955654024,1.1765264011081182,-0.6024800201198789,0.5968548673970141,0.4315015408458192,-0.6255039010320705,2.9913384822649465,0.0,0.4999999999999999,0.8660254037844387,-0.2927041678467548,-0.3429380898369911,1.7606073935041555,5.622340146503574,2.341437116516264,0.8563967976799016,0.1845180910604904,5.214189530332904,2.3916710385065,3.713451110874593,-0.6255039010320705,-0.6255039010320705
2025,2,-0.2927041678467548,0.8340279713362289,-0.5932445180277504,-0.7647894229411907,-1.1265694052331223,-0.8405944177629205,-0.3379316218492921,0.9017620597200652,-0.6255039010320705,-0.6255039010320705,-0.3397984697126014,-0.4199211590843751,-2.221494413517043,-1.9129168635591465,-2.086967410700523,-0.7351823412669896,-0.2041120012461959,1.4234138828435614,-0.5145706566369652,0.4273153806799664,0.4592348519445955,-0.6255039010320705,2.9913384822649465,0.3327997331853157,0.8660254037844386,0.5000000000000001,-0.3429380898369911,1.7606073935041555,5.622340146503574,2.341437116516264,0.8563967976799016,0.1845180910604904,5.214189530332904,2.3916710385065,3.713451110874593,-0.6255039010320705,-0.6255039010320705,-0.3680550508321094
2025,3,-0.3429380898369911,2.106372443523394,0.6064042489023324,0.1236372129975375,-0.9690670626126108,-1.4912569563910756,0.387009783402596,0.045306214371188,-0.6035265601613422,-0.5595718784198853,-0.6066661802857319,0.8340279713362289,-0.5932445180277504,-0.7647894229411907,-1.1265694052331223,-0.8405944177629205,-0.3379316218492921,0.9017620597200652,-0.4203820529052721,0.0913760273702608,0.480950557804958,-0.6255039010320705,2.9913384822649465,-0.0502339219902363,1.0,6.123233995736766e-17,1.7606073935041555,5.622340146503574,2.341437116516264,0.8563967976799016,0.1845180910604904,5.214189530332904,2.3916710385065,3.713451110874593,-0.6255039010320705,-0.6255039010320705,-0.3680550508321094,-0.6255039010320705
2025,4,1.7606073935041555,2.399062770298017,1.444638010128434,1.4696786803658808,0.511552633891593,-0.499923977760458,0.7887183510348934,-0.2606532196727958,0.0338163250897814,-0.2424702458565185,1.7982828349968332,2.106372443523394,0.6064042489023324,0.1236372129975375,-0.9690670626126108,-1.4912569563910756,0.387009783402596,0.045306214371188,0.3749883786068032,-0.1137458207565376,0.624849813506156,-0.6255039010320705,2.9913384822649465,2.1035454833411467,0.8660254037844387,-0.4999999999999998,5.622340146503574,2.341437116516264,0.8563967976799016,0.1845180910604904,5.214189530332904,2.3916710385065,3.713451110874593,-0.6255039010320705,-0.6255039010320705,-0.3680550508321094,-0.6255039010320705,-0.5627114985442752
2025,5,5.622340146503574,1.4931943846380138,1.315912873882104,2.010260928089928,1.1641739686010195,0.5808303779448089,0.1963253367416955,-1.115098754551798,0.4482461815092313,-0.0164175969004549,0.2724274545434041,2.399062770298017,1.444638010128434,1.4696786803658808,0.511552633891593,-0.499923977760458,0.7887183510348934,-0.2606532196727958,2.3466698167235798,0.9160495800433072,1.0560243105890177,-0.6255039010320705,5.622340146503574,3.8617327529994174,0.4999999999999999,-0.8660254037844387,2.341437116516264,0.8563967976799016,0.1845180910604904,5.214189530332904,2.3916710385065,3.713451110874593,-0.6255039010320705,-0.6255039010320705,-0.3680550508321094,-0.6255039010320705,-0.5627114985442752,2.250702094921399
2025,6,2.341437116516264,1.1191557687179312,1.4132169138793305,1.856998780815312,0.8824767555048596,0.353269845247768,1.6458449387756424,-1.2187103654397875,1.6130452476578363,-0.1420024018760457,-0.4245682130711252,1.4931943846380138,1.315912873882104,2.010260928089928,1.1641739686010195,0.5808303779448089,0.1963253367416955,-1.115098754551798,3.241461552174665,1.4105397496346963,1.1167236329938868,-0.6255039010320705,5.622340146503574,-3.28090302998731,1.2246467991473532e-16,-1.0,0.8563967976799016,0.1845180910604904,5.214189530332904,2.3916710385065,3.713451110874593,-0.6255039010320705,-0.6255039010320705,-0.3680550508321094,-0.6255039010320705,-0.5627114985442752,2.250702094921399,2.872032917538135
2025,7,0.8563967976799016,0.4507916845328658,1.2449620113841278,1.6104466308518042,1.0513583371426063,0.6630811728955452,1.864814245024576,-1.634678023507269,0.7308119927043107,-0.3649154307077195,-0.2644475867272469,1.1191557687179312,1.4132169138793305,1.856998780815312,0.8824767555048596,0.353269845247768,1.6458449387756424,-1.2187103654397875,2.9400580202332467,1.657523199420025,1.1271890334085195,-0.6255039010320705,5.622340146503574,-1.4850403188363626,-0.4999999999999997,-0.8660254037844388,0.1845180910604904,5.214189530332904,2.3916710385065,3.713451110874593,-0.6255039010320705,-0.6255039010320705,-0.3680550508321094,-0.6255039010320705,-0.5627114985442752,2.250702094921399,2.872032917538135,0.7201372842813855
2025,8,0.1845180910604904,1.0684663825167398,1.3503747213811212,1.547142700455768,0.8294875952743936,0.2290500549247314,2.0202220690532102,-0.8732369148454353,0.7245327524555312,-0.0007194962785061,0.3195217564092507,0.4507916845328658,1.2449620113841278,1.6104466308518042,1.0513583371426063,0.6630811728955452,1.864814245024576,-1.634678023507269,1.1274506684188854,1.7370602425712327,1.0821878116255992,-0.6255039010320705,5.622340146503574,-0.6718787066194112,-0.8660254037844385,-0.5000000000000004,5.214189530332904,2.3916710385065,3.713451110874593,-0.6255039010320705,-0.6255039010320705,-0.3680550508321094,-0.6255039010320705,-0.5627114985442752,2.250702094921399,2.872032917538135,0.7201372842813855,-0.3423101658121132
